x = 12.0, y = -0.39526688089078427
x = 13.0, y = 0.7698358814801034
x = 14.0, y = -0.48586650441250673
x = 15.0, y = 0.11860244061330993
